<?xml version="1.0" encoding="UTF-8"?>
<document version="1.3.0">
  <chunk>
    <sensors>
      <sensor id="0" label="COOLPIX S9100   (4.5 mm)" type="frame">
        <resolution width="4000" height="3000"/>
        <property name="pixel_width" value="0.0015575981510004436"/>
        <property name="pixel_height" value="0.0015575981510004436"/>
        <property name="focal_length" value="4.5"/>
        <property name="fixed" value="false"/>
        <calibration type="frame" class="adjusted">
          <resolution width="4000" height="3000"/>
          <fx>2944.1944803441347</fx>
          <fy>2944.1944803441347</fy>
          <cx>2000</cx>
          <cy>1500</cy>
        </calibration>
      </sensor>
    </sensors>
    <cameras>
      <camera id="0" label="DSCN3276.JPG" sensor_id="0" enabled="true">
        <transform>1.0000000000000000e+000 0.0000000000000000e+000 0.0000000000000000e+000 0.0000000000000000e+000 0.0000000000000000e+000 -1.0000000000000000e+000 -1.2246467991473532e-016 0.0000000000000000e+000 0.0000000000000000e+000 1.2246467991473532e-016 -1.0000000000000000e+000 0.0000000000000000e+000 0.0000000000000000e+000 0.0000000000000000e+000 0.0000000000000000e+000 1.0000000000000000e+000</transform>
        <orientation>1</orientation>
      </camera>
      <camera id="1" label="DSCN3277.JPG" sensor_id="0" enabled="true">
        <transform>9.9816587004788604e-001 3.9986023215282523e-002 -4.5453424722170017e-002 -1.2445197626628507e-001 3.8054915568888029e-002 -9.9836783176390276e-001 -4.2585160561963771e-002 1.0533138535270650e+000 -4.7082048304973874e-002 4.0777327603342496e-002 -9.9805836015783056e-001 2.1960281438782767e-001 0.0000000000000000e+000 0.0000000000000000e+000 0.0000000000000000e+000 1.0000000000000000e+000</transform>
        <orientation>1</orientation>
      </camera>
      <camera id="2" label="DSCN3278.JPG" sensor_id="0" enabled="true">
        <transform>9.9639495696187497e-001 4.6827812270146346e-002 -7.0740693656026046e-002 -3.0185756166500655e-001 3.7125979559750569e-002 -9.9045776680800890e-001 -1.3272179101948825e-001 3.5336979901375472e+000 -7.6280740575015230e-002 1.2961700570404974e-001 -9.8862565233238997e-001 2.8317182565776644e-001 0.0000000000000000e+000 0.0000000000000000e+000 0.0000000000000000e+000 1.0000000000000000e+000</transform>
        <orientation>1</orientation>
      </camera>
      <camera id="3" label="DSCN3279.JPG" sensor_id="0" enabled="true">
        <transform>9.9559280235403258e-001 7.2485255605877444e-002 -5.9505122641625920e-002 -4.9890257010279787e-001 6.2831858369144497e-002 -9.8660201248308133e-001 -1.5056103924393480e-001 4.2044961122925724e+000 -6.9621329165163851e-002 1.4615866954814730e-001 -9.8680824573023884e-001 -3.7417108063691318e-001 0.0000000000000000e+000 0.0000000000000000e+000 0.0000000000000000e+000 1.0000000000000000e+000</transform>
        <orientation>1</orientation>
      </camera>
      <camera id="4" label="DSCN3280.JPG" sensor_id="0" enabled="true">
        <transform>9.9053172761218056e-001 7.6984972575009566e-002 -1.1366710426176123e-001 -7.0631066278639254e-001 5.1353132048072576e-002 -9.7564083396765500e-001 -2.1327873528261543e-001 5.2334634584423414e+000 -1.2731752598319798e-001 2.0542219230775371e-001 -9.7035662026133152e-001 -1.2439732735090756e+000 0.0000000000000000e+000 0.0000000000000000e+000 0.0000000000000000e+000 1.0000000000000000e+000</transform>
        <orientation>1</orientation>
      </camera>
      <camera id="5" label="DSCN3281.JPG" sensor_id="0" enabled="true">
        <transform>9.9665857054042939e-001 7.6640416422631197e-002 -2.8247837773415684e-002 -1.1917973264111974e+000 6.7824748507160776e-002 -9.6923087027030452e-001 -2.3662485838349376e-001 5.8470852939471545e+000 -4.5513704070839163e-002 2.3391829061797151e-001 -9.7119037065660729e-001 -2.6238975673187479e+000 0.0000000000000000e+000 0.0000000000000000e+000 0.0000000000000000e+000 1.0000000000000000e+000</transform>
        <orientation>1</orientation>
      </camera>
      <camera id="6" label="DSCN3282.JPG" sensor_id="0" enabled="true">
        <transform>9.9466997521811251e-001 9.7508260363062954e-002 -3.3522821488794909e-002 -1.6429078715497736e+000 8.6155710667602192e-002 -9.6458015635747263e-001 -2.4932371624206573e-001 6.8830126983297770e+000 -5.6646570231223208e-002 2.4510663214683281e-001 -9.6783981368751115e-001 -4.0909475073670087e+000 0.0000000000000000e+000 0.0000000000000000e+000 0.0000000000000000e+000 1.0000000000000000e+000</transform>
        <orientation>1</orientation>
      </camera>
      <camera id="7" label="DSCN3283.JPG" sensor_id="0" enabled="true">
        <transform>9.9567542023474220e-001 8.8550285292980271e-002 2.8094563796242752e-002 -1.9474672352072295e+000 9.2714543747577524e-002 -9.6626899888125473e-001 -2.4026700809452831e-001 6.7049787517700121e+000 5.8711939201397424e-003 2.4183272891721955e-001 -9.7030019082055352e-001 -5.1741487706124039e+000 0.0000000000000000e+000 0.0000000000000000e+000 0.0000000000000000e+000 1.0000000000000000e+000</transform>
        <orientation>1</orientation>
      </camera>
      <camera id="8" label="DSCN3284.JPG" sensor_id="0" enabled="true">
        <transform>9.7279945911730270e-001 1.7572946339334736e-001 1.5093166677861100e-001 -2.4219746945790139e+000 2.2080685056967317e-001 -9.0042732436124939e-001 -3.7479990432915450e-001 7.3337403489900996e+000 7.0039610811208131e-002 3.9793189020123471e-001 -9.1473748347724715e-001 -7.2179487940602911e+000 0.0000000000000000e+000 0.0000000000000000e+000 0.0000000000000000e+000 1.0000000000000000e+000</transform>
        <orientation>1</orientation>
      </camera>
      <camera id="9" label="DSCN3285.JPG" sensor_id="0" enabled="true">
        <transform>9.9333921412849768e-001 7.0587060959540926e-002 9.1075092641583338e-002 -2.6037820180878786e+000 8.6740748682648139e-002 -9.7837252393666252e-001 -1.8778510836532877e-001 7.2570519026938207e+000 7.5850169364033798e-002 1.9443423369072291e-001 -9.7797856856709731e-001 -7.3962652807730205e+000 0.0000000000000000e+000 0.0000000000000000e+000 0.0000000000000000e+000 1.0000000000000000e+000</transform>
        <orientation>1</orientation>
      </camera>
      <camera id="10" label="DSCN3286.JPG" sensor_id="0" enabled="true">
        <transform>9.6184160906678229e-001 1.8421112572805032e-001 2.0230417747992235e-001 -2.7291158138894485e+000 2.6608804784220730e-001 -8.0192997279443656e-001 -5.3488827761452917e-001 7.6854081290228820e+000 6.3701411784564677e-002 5.6830852526767428e-001 -8.2034599422727394e-001 -8.3225713509708754e+000 0.0000000000000000e+000 0.0000000000000000e+000 0.0000000000000000e+000 1.0000000000000000e+000</transform>
        <orientation>1</orientation>
      </camera>
      <camera id="11" label="DSCN3287.JPG" sensor_id="0" enabled="true">
        <transform>9.9370127111270512e-001 9.5697115038828939e-002 5.8308198070583073e-002 -2.7376677452165388e+000 1.0584679605869124e-001 -9.7239873423783907e-001 -2.0793546454791739e-001 7.7163270794719176e+000 3.6799993928029809e-002 2.1279747138040322e-001 -9.7640309125944680e-001 -8.3496905145121936e+000 0.0000000000000000e+000 0.0000000000000000e+000 0.0000000000000000e+000 1.0000000000000000e+000</transform>
        <orientation>1</orientation>
      </camera>
      <camera id="12" label="DSCN3288.JPG" sensor_id="0" enabled="true">
        <transform>9.6244378621614568e-001 1.8965506621702011e-001 1.9424961835779175e-001 -2.9325757901932099e+000 2.6847589734986538e-001 -7.7108296206043525e-001 -5.7736622533907367e-001 7.9171551029715461e+000 4.0282141404282171e-002 6.0783387654713938e-001 -7.9304181958176856e-001 -8.8055849024413941e+000 0.0000000000000000e+000 0.0000000000000000e+000 0.0000000000000000e+000 1.0000000000000000e+000</transform>
        <orientation>1</orientation>
      </camera>
      <camera id="13" label="DSCN3289.JPG" sensor_id="0" enabled="true">
        <transform>9.9880543215239748e-001 4.5303427475775815e-002 1.8311421621765554e-002 -2.9567485187718385e+000 4.7373282249149967e-002 -9.8963030735763369e-001 -1.3560098409737945e-001 7.9306154005947809e+000 1.1978348459003606e-002 1.3630647166654450e-001 -9.9059429886811490e-001 -8.8607804252661140e+000 0.0000000000000000e+000 0.0000000000000000e+000 0.0000000000000000e+000 1.0000000000000000e+000</transform>
        <orientation>1</orientation>
      </camera>
      <camera id="14" label="DSCN3290.JPG" sensor_id="0" enabled="true">
        <transform>9.5176769205188183e-001 2.0208932417199460e-001 2.3086395435827978e-001 -3.3830581247452836e+000 3.0329283986819094e-001 -7.3344211745041799e-001 -6.0833881483473939e-001 8.2908589771670318e+000 4.6386567569968798e-002 6.4901661412135969e-001 -7.5935875641459682e-001 -9.9893312742263891e+000 0.0000000000000000e+000 0.0000000000000000e+000 0.0000000000000000e+000 1.0000000000000000e+000</transform>
        <orientation>1</orientation>
      </camera>
      <camera id="15" label="DSCN3291.JPG" sensor_id="0" enabled="true">
        <transform>9.9710028757778435e-001 4.3763599908597080e-002 6.2255632960716858e-002 -3.3386645664315528e+000 5.4586217307869826e-002 -9.8132986024643276e-001 -1.8442356213004554e-001 7.8532345764152431e+000 5.3022272606115875e-002 1.8728708634542049e-001 -9.8087317523517059e-001 -9.9115860980139310e+000 0.0000000000000000e+000 0.0000000000000000e+000 0.0000000000000000e+000 1.0000000000000000e+000</transform>
        <orientation>1</orientation>
      </camera>
      <camera id="16" label="DSCN3292.JPG" sensor_id="0" enabled="true">
        <transform>9.3354806585444050e-001 2.1880613628993922e-001 2.8392231941378254e-001 -3.7671235697277474e+000 3.5768414126400011e-001 -6.2046007838830786e-001 -6.9791929778063155e-001 8.7786244161633284e+000 2.3453439570098128e-002 7.5309572157079974e-001 -6.5749279108145986e-001 -1.1268310145854498e+001 0.0000000000000000e+000 0.0000000000000000e+000 0.0000000000000000e+000 1.0000000000000000e+000</transform>
        <orientation>1</orientation>
      </camera>
      <camera id="17" label="DSCN3293.JPG" sensor_id="0" enabled="true">
        <transform>9.9906247952251759e-001 3.3166344834230789e-002 2.7823651461578294e-002 -3.8256155516029953e+000 3.7788315275925140e-002 -9.8169750479385864e-001 -1.8666025905403386e-001 8.4136030375434778e+000 2.1123570695452475e-002 1.8753667015239614e-001 -9.8203044357556735e-001 -1.1574556098242081e+001 0.0000000000000000e+000 0.0000000000000000e+000 0.0000000000000000e+000 1.0000000000000000e+000</transform>
        <orientation>1</orientation>
      </camera>
      <camera id="18" label="DSCN3294.JPG" sensor_id="0" enabled="true">
        <transform>9.0542765356968935e-001 2.3251051209403872e-001 3.5516140825975762e-001 -4.1460218839517005e+000 4.2442927332398039e-001 -5.1118125522987690e-001 -7.4736437983575676e-001 8.8817264775757554e+000 7.7817798069781119e-003 8.2742527521666598e-001 -5.6152191215985536e-001 -1.2531782059137754e+001 0.0000000000000000e+000 0.0000000000000000e+000 0.0000000000000000e+000 1.0000000000000000e+000</transform>
        <orientation>1</orientation>
      </camera>
      <camera id="19" label="DSCN3295.JPG" sensor_id="0" enabled="true">
        <transform>9.8606942575170586e-001 9.1492729004371748e-002 1.3891064803330719e-001 -4.1689389673943511e+000 1.2297444432159571e-001 -9.6333794021853836e-001 -2.3844768604307851e-001 8.8397537502974473e+000 1.1200166802996961e-001 2.5220843260057024e-001 -9.6116935702490436e-001 -1.2689740585416844e+001 0.0000000000000000e+000 0.0000000000000000e+000 0.0000000000000000e+000 1.0000000000000000e+000</transform>
        <orientation>1</orientation>
      </camera>
      <camera id="20" label="DSCN3296.JPG" sensor_id="0" enabled="true">
        <transform>8.7066791960404621e-001 2.3268645378854105e-001 4.3335249854555569e-001 -4.5294747984554329e+000 4.8498478922995203e-001 -2.5920416510559646e-001 -8.3522628970087487e-001 9.2931929795494455e+000 -8.2019070879532197e-002 9.3737410622185635e-001 -3.3853014193249381e-001 -1.3848779851823791e+001 0.0000000000000000e+000 0.0000000000000000e+000 0.0000000000000000e+000 1.0000000000000000e+000</transform>
        <orientation>1</orientation>
      </camera>
      <camera id="21" label="DSCN3297.JPG" sensor_id="0" enabled="true">
        <transform>9.2000382131476854e-001 2.0574888858483523e-001 3.3355713695306788e-001 -4.5376645942902591e+000 3.8516407868565916e-001 -6.3190905981306655e-001 -6.7256194704755157e-001 9.2940187563043573e+000 7.2398903696464761e-002 7.4723378869820334e-001 -6.6060583086382052e-001 -1.3879639816361113e+001 0.0000000000000000e+000 0.0000000000000000e+000 0.0000000000000000e+000 1.0000000000000000e+000</transform>
        <orientation>1</orientation>
      </camera>
      <camera id="22" label="DSCN3298.JPG" sensor_id="0" enabled="true">
        <transform>9.5894371793923616e-001 1.2830397496008700e-001 2.5291309937272055e-001 -4.5400516823415593e+000 2.2741870811222670e-001 -8.8070832351164197e-001 -4.1549197356613143e-001 9.3029287965741716e+000 1.6943339997013593e-001 4.5595058822942036e-001 -8.7372843839937220e-001 -1.3888494494391113e+001 0.0000000000000000e+000 0.0000000000000000e+000 0.0000000000000000e+000 1.0000000000000000e+000</transform>
        <orientation>1</orientation>
      </camera>
      <camera id="23" label="DSCN3299.JPG" sensor_id="0" enabled="true">
        <transform>9.7780030642418425e-001 6.0791748583049934e-002 2.0052661683923056e-001 -4.5436218373854267e+000 9.7458431176312879e-002 -9.7912105709180430e-001 -1.7839229173952484e-001 9.3154559262274876e+000 1.8549505370608732e-001 1.9397504701286480e-001 -9.6330953809610587e-001 -1.3899449353409121e+001 0.0000000000000000e+000 0.0000000000000000e+000 0.0000000000000000e+000 1.0000000000000000e+000</transform>
        <orientation>1</orientation>
      </camera>
      <camera id="24" label="DSCN3300.JPG" sensor_id="0" enabled="true">
        <transform>8.5747983553635287e-001 2.7763162521790907e-001 4.3318473233415239e-001 -4.8810476626206452e+000 4.6242169984653347e-001 -4.6689693860952231e-002 -8.8542997690286773e-001 1.0286526716278937e+001 -2.2559810096627880e-001 9.5955237124715231e-001 -1.6841835907755323e-001 -1.4945157153945694e+001 0.0000000000000000e+000 0.0000000000000000e+000 0.0000000000000000e+000 1.0000000000000000e+000</transform>
        <orientation>1</orientation>
      </camera>
      <camera id="25" label="DSCN3301.JPG" sensor_id="0" enabled="true">
        <transform>9.3854573967143506e-001 2.1793497590593680e-001 2.6764947379264103e-001 -4.8807821800462703e+000 3.4252200260978072e-001 -6.8368610146101250e-001 -6.4440049068667493e-001 1.0292252033674504e+001 4.2550819883807822e-002 6.9647516893707051e-001 -7.1631820218482145e-001 -1.4969254465534696e+001 0.0000000000000000e+000 0.0000000000000000e+000 0.0000000000000000e+000 1.0000000000000000e+000</transform>
        <orientation>1</orientation>
      </camera>
      <camera id="26" label="DSCN3302.JPG" sensor_id="0" enabled="true">
        <transform>9.7577464218716092e-001 1.2574785140156641e-001 1.7902883994599092e-001 -4.8988882386825106e+000 1.6564709339064276e-001 -9.5920378350114321e-001 -2.2910508979139588e-001 1.0306748524496486e+001 1.4291566784558410e-001 2.5321054398460874e-001 -9.5679649471518713e-001 -1.5014064404246394e+001 0.0000000000000000e+000 0.0000000000000000e+000 0.0000000000000000e+000 1.0000000000000000e+000</transform>
        <orientation>1</orientation>
      </camera>
      <camera id="27" label="DSCN3303.JPG" sensor_id="0" enabled="true">
        <transform>9.6797637776791867e-001 8.9762117123040608e-002 2.3444507760430469e-001 -5.0796095780150772e+000 1.4138807855457050e-001 -9.6661957940687238e-001 -2.1367264670501832e-001 9.6957440077976038e+000 2.0743949316835866e-001 2.3997781363465773e-001 -9.4835621242083079e-001 -1.5757237825480800e+001 0.0000000000000000e+000 0.0000000000000000e+000 0.0000000000000000e+000 1.0000000000000000e+000</transform>
        <orientation>1</orientation>
      </camera>
      <camera id="28" label="DSCN3304.JPG" sensor_id="0" enabled="true">
        <transform>8.3238504042793815e-001 2.4704132096273518e-001 4.9609044559310644e-001 -5.4830870627119985e+000 4.7108536083883817e-001 1.5610316172682057e-001 -8.6816495304880381e-001 1.0077753089931411e+001 -2.9191390387427862e-001 9.5634846611257607e-001 1.3560386757075141e-002 -1.6971339529435269e+001 0.0000000000000000e+000 0.0000000000000000e+000 0.0000000000000000e+000 1.0000000000000000e+000</transform>
        <orientation>1</orientation>
      </camera>
      <camera id="29" label="DSCN3305.JPG" sensor_id="0" enabled="true">
        <transform>8.7900837060885639e-001 2.5441520590455902e-001 4.0325821430456255e-001 -5.4560475959340149e+000 4.7674455196446486e-001 -4.5534712199630223e-001 -7.5191331326282984e-001 1.0127359191168416e+001 -7.6757131111913623e-003 8.5318925303488535e-001 -5.2154499511931773e-001 -1.7010622232385252e+001 0.0000000000000000e+000 0.0000000000000000e+000 0.0000000000000000e+000 1.0000000000000000e+000</transform>
        <orientation>1</orientation>
      </camera>
      <camera id="30" label="DSCN3306.JPG" sensor_id="0" enabled="true">
        <transform>9.2664350008024909e-001 1.7296806655860197e-001 3.3378716528650959e-001 -5.4626933332549656e+000 2.8638614138133001e-001 -8.9997087349814686e-001 -3.2868739689817045e-001 1.0154380265215488e+001 2.4354630316171394e-001 4.0016805820300255e-001 -8.8348781735250936e-001 -1.7034827432910394e+001 0.0000000000000000e+000 0.0000000000000000e+000 0.0000000000000000e+000 1.0000000000000000e+000</transform>
        <orientation>1</orientation>
      </camera>
      <camera id="31" label="DSCN3307.JPG" sensor_id="0" enabled="true">
        <transform>9.8306541582474660e-001 1.4907203936276270e-001 1.0658290336421367e-001 -5.4807786656570965e+000 1.6802813994569304e-001 -9.6536327902925745e-001 -1.9960030984011673e-001 1.0159493032447209e+001 7.3136395834830281e-002 2.1412908859402296e-001 -9.7406355081287388e-001 -1.7059413451322317e+001 0.0000000000000000e+000 0.0000000000000000e+000 0.0000000000000000e+000 1.0000000000000000e+000</transform>
        <orientation>1</orientation>
      </camera>
      <camera id="32" label="DSCN3308.JPG" sensor_id="0" enabled="true">
        <transform>8.3716027260125014e-001 2.3974529482864732e-001 4.9161455591319303e-001 -5.7028581054305940e+000 4.1966934965329056e-001 2.9487069821762546e-001 -8.5844563502544202e-001 1.0859763533086081e+001 -3.5077102921961090e-001 9.2497214279143314e-001 1.4624028213881346e-001 -1.8021066171701186e+001 0.0000000000000000e+000 0.0000000000000000e+000 0.0000000000000000e+000 1.0000000000000000e+000</transform>
        <orientation>1</orientation>
      </camera>
      <camera id="33" label="DSCN3309.JPG" sensor_id="0" enabled="true">
        <transform>8.5855184715056665e-001 2.5387818282046659e-001 4.4545998029242534e-001 -5.6973149968574903e+000 4.8837229688117223e-001 -1.4033706147291652e-001 -8.6127696405752951e-001 1.0881497873200241e+001 -1.5614488590203163e-001 9.5700124214387761e-001 -2.4447371462330450e-001 -1.8050833119369571e+001 0.0000000000000000e+000 0.0000000000000000e+000 0.0000000000000000e+000 1.0000000000000000e+000</transform>
        <orientation>1</orientation>
      </camera>
      <camera id="34" label="DSCN3310.JPG" sensor_id="0" enabled="true">
        <transform>8.5743706308200685e-001 2.6164792285437499e-001 4.4310500710248540e-001 -5.7076444565161699e+000 4.4829559902016780e-001 4.2966127262845544e-002 -8.9285215338665214e-001 1.0882302337139832e+001 -2.5265141747564274e-001 9.6420655275414091e-001 -8.0454862336122618e-002 -1.8032025650846133e+001 0.0000000000000000e+000 0.0000000000000000e+000 0.0000000000000000e+000 1.0000000000000000e+000</transform>
        <orientation>1</orientation>
      </camera>
      <camera id="35" label="DSCN3311.JPG" sensor_id="0" enabled="true">
        <transform>8.8316845589711446e-001 2.4736060269579604e-001 3.9853006253265133e-001 -5.7077811436215704e+000 4.6836081558222731e-001 -4.1881686451497585e-001 -7.7796566789608090e-001 1.0922561941142732e+001 -2.5526945282529800e-002 8.7373060277857784e-001 -4.8573985715887658e-001 -1.8051508752863839e+001 0.0000000000000000e+000 0.0000000000000000e+000 0.0000000000000000e+000 1.0000000000000000e+000</transform>
        <orientation>1</orientation>
      </camera>
      <camera id="36" label="DSCN3312.JPG" sensor_id="0" enabled="true">
        <transform>9.1298077942798150e-001 1.7232259255141213e-001 3.6982566229432384e-001 -5.7062384545580933e+000 3.2847375607856577e-001 -8.4810715393810676e-001 -4.1571534372289348e-001 1.0928509179075260e+001 2.4201464410798396e-001 5.0101814292035840e-001 -8.3090897967341848e-001 -1.8072501934738234e+001 0.0000000000000000e+000 0.0000000000000000e+000 0.0000000000000000e+000 1.0000000000000000e+000</transform>
        <orientation>1</orientation>
      </camera>
      <camera id="37" label="DSCN3313.JPG" sensor_id="0" enabled="true">
        <transform>9.8053745473759302e-001 1.8580946068100476e-001 6.3412492287845290e-002 -5.7309057224712872e+000 1.9587829883553673e-001 -9.0389149345083963e-001 -3.8027866113221093e-001 1.0919586975116959e+001 -1.3341360575970369e-002 3.8529860159186263e-001 -9.2269550541299217e-001 -1.8103951617214268e+001 0.0000000000000000e+000 0.0000000000000000e+000 0.0000000000000000e+000 1.0000000000000000e+000</transform>
        <orientation>1</orientation>
      </camera>
      <camera id="38" label="DSCN3314.JPG" sensor_id="0" enabled="true">
        <transform>8.1669775978268144e-001 2.2544028582214687e-001 5.3120753636820539e-001 -6.1732633171307656e+000 3.8670014863153418e-001 4.6946758686842377e-001 -7.9376519193542894e-001 1.0801898841827915e+001 -4.2833137197069615e-001 8.5368428731491108e-001 2.9623533445106337e-001 -1.9220628565699059e+001 0.0000000000000000e+000 0.0000000000000000e+000 0.0000000000000000e+000 1.0000000000000000e+000</transform>
        <orientation>1</orientation>
      </camera>
      <camera id="39" label="DSCN3315.JPG" sensor_id="0" enabled="true">
        <transform>8.3314964028545369e-001 2.3678722376722361e-001 4.9979344488781574e-001 -6.1735405905117329e+000 5.3422613950933262e-001 -1.1081754289697979e-001 -8.3804648084174382e-001 1.0817370142909816e+001 -1.4305281806792339e-001 9.6522084667027719e-001 -2.1882552044023287e-001 -1.9256814872608622e+001 0.0000000000000000e+000 0.0000000000000000e+000 0.0000000000000000e+000 1.0000000000000000e+000</transform>
        <orientation>1</orientation>
      </camera>
      <camera id="40" label="DSCN3316.JPG" sensor_id="0" enabled="true">
        <transform>9.1561844720199892e-001 2.5673473745264608e-001 3.0940286638704784e-001 -6.1804699421413334e+000 3.3885819858650224e-001 -7.8622872073317113e-002 -9.3754656697022443e-001 1.0779662645416485e+001 -2.1637462973766375e-001 9.6327862977025702e-001 -1.5898522269011428e-001 -1.9262357617008185e+001 0.0000000000000000e+000 0.0000000000000000e+000 0.0000000000000000e+000 1.0000000000000000e+000</transform>
        <orientation>1</orientation>
      </camera>
      <camera id="41" label="DSCN3317.JPG" sensor_id="0" enabled="true">
        <transform>8.7092474258968888e-001 1.9991472981894853e-001 4.4891446128020918e-001 -6.1848694707657046e+000 3.8673151768719449e-001 -8.4245239566888186e-001 -3.7511690745569026e-001 1.0856732779991509e+001 3.0319766815139382e-001 5.0030796698951185e-001 -8.1102596271289540e-001 -1.9312077783727908e+001 0.0000000000000000e+000 0.0000000000000000e+000 0.0000000000000000e+000 1.0000000000000000e+000</transform>
        <orientation>1</orientation>
      </camera>
      <camera id="42" label="DSCN3318.JPG" sensor_id="0" enabled="true">
        <transform>9.7652423763422058e-001 2.0740360539760094e-001 -5.8173514428657640e-002 -6.2321861818100279e+000 1.5351137219368222e-001 -8.5951941488676664e-001 -4.8750449643046684e-001 1.0840675548200238e+001 -1.5111145529084738e-001 4.6712966069474388e-001 -8.7118035341661360e-001 -1.9344954253168087e+001 0.0000000000000000e+000 0.0000000000000000e+000 0.0000000000000000e+000 1.0000000000000000e+000</transform>
        <orientation>1</orientation>
      </camera>
      <camera id="43" label="DSCN3319.JPG" sensor_id="0" enabled="true">
        <transform>9.6607427784922295e-001 1.1552367014058539e-001 2.3098651760514299e-001 -6.2069153365284020e+000 1.5312864940751961e-001 -9.7643105244125283e-001 -1.5209870663189828e-001 1.0870325479324276e+001 2.0797140767117667e-001 1.8230930164343379e-001 -9.6099490743996796e-001 -1.9331500978363113e+001 0.0000000000000000e+000 0.0000000000000000e+000 0.0000000000000000e+000 1.0000000000000000e+000</transform>
        <orientation>1</orientation>
      </camera>
      <camera id="44" label="DSCN3320.JPG" sensor_id="0" enabled="true">
        <transform>8.1316117707692748e-001 2.1109945770118910e-001 5.4240752119889479e-001 -6.3594636324369036e+000 4.3842838049643584e-001 3.9077836557977919e-001 -8.0936569248397772e-001 1.1530700950861899e+001 -3.8281778337759870e-001 8.9595161027427161e-001 2.2521380236744298e-001 -2.0227131048466763e+001 0.0000000000000000e+000 0.0000000000000000e+000 0.0000000000000000e+000 1.0000000000000000e+000</transform>
        <orientation>1</orientation>
      </camera>
      <camera id="45" label="DSCN3321.JPG" sensor_id="0" enabled="true">
        <transform>7.2730285777599701e-001 2.5224283297628441e-001 6.3828215256496568e-001 -6.3744440294258871e+000 6.8010222027782952e-001 -3.8975565887278496e-001 -6.2092793168757354e-001 1.1620656689844141e+001 9.2149460356719226e-002 8.8569976831245678e-001 -4.5502131528888390e-001 -2.0320299787620108e+001 0.0000000000000000e+000 0.0000000000000000e+000 0.0000000000000000e+000 1.0000000000000000e+000</transform>
        <orientation>1</orientation>
      </camera>
      <camera id="46" label="DSCN3322.JPG" sensor_id="0" enabled="true">
        <transform>9.5110929875905248e-001 2.6983766597132092e-001 1.5026222358668065e-001 -6.4019561324663927e+000 2.6174808650259201e-001 -4.4596542277399276e-001 -8.5592218156923927e-001 1.1578021286541079e+001 -1.6394828765893035e-001 8.5340639540207563e-001 -4.9479135325967538e-001 -2.0335376671988787e+001 0.0000000000000000e+000 0.0000000000000000e+000 0.0000000000000000e+000 1.0000000000000000e+000</transform>
        <orientation>1</orientation>
      </camera>
      <camera id="47" label="DSCN3323.JPG" sensor_id="0" enabled="true">
        <transform>8.1241083854329055e-001 2.3099202692944926e-001 5.3537959702664462e-001 -6.3878301563048598e+000 4.6454468848974745e-001 -8.1133672527944245e-001 -3.5486751134584593e-001 1.1650925557533403e+001 3.5240156329583916e-001 5.3700596058875838e-001 -7.6644486851879545e-001 -2.0372552987351568e+001 0.0000000000000000e+000 0.0000000000000000e+000 0.0000000000000000e+000 1.0000000000000000e+000</transform>
        <orientation>1</orientation>
      </camera>
      <camera id="48" label="DSCN3324.JPG" sensor_id="0" enabled="true">
        <transform>9.7512793844135826e-001 2.1335482382018078e-001 6.0043507757023162e-002 -6.4177800167638495e+000 2.1757841171412945e-001 -8.6981124549948552e-001 -4.4281828322528699e-001 1.1645610436576563e+001 -4.2250898535591649e-002 4.4486865067713338e-001 -8.9459865035536568e-001 -2.0386519985001545e+001 0.0000000000000000e+000 0.0000000000000000e+000 0.0000000000000000e+000 1.0000000000000000e+000</transform>
        <orientation>1</orientation>
      </camera>
      <camera id="49" label="DSCN3325.JPG" sensor_id="0" enabled="true">
        <transform>8.5022105818717275e-001 2.2013674491722382e-001 4.7818821164091141e-001 -6.9281971525211530e+000 3.4082323654941032e-001 4.6210442114634109e-001 -8.1871791563699736e-001 1.2094454712035049e+001 -4.0120278369307039e-001 8.5906886656091441e-001 3.1786319205387287e-001 -2.1602512779134440e+001 0.0000000000000000e+000 0.0000000000000000e+000 0.0000000000000000e+000 1.0000000000000000e+000</transform>
        <orientation>1</orientation>
      </camera>
      <camera id="50" label="DSCN3326.JPG" sensor_id="0" enabled="true">
        <transform>5.5163947131044688e-001 2.2329993212727767e-001 8.0363613283891344e-001 -6.9061711668287877e+000 7.7877245059945976e-001 2.0712676702717076e-001 -5.9212496364212153e-001 1.2135093960612302e+001 -2.9867601825329465e-001 9.5248918245449121e-001 -5.9640535104342612e-002 -2.1636447246844178e+001 0.0000000000000000e+000 0.0000000000000000e+000 0.0000000000000000e+000 1.0000000000000000e+000</transform>
        <orientation>1</orientation>
      </camera>
      <camera id="51" label="DSCN3327.JPG" sensor_id="0" enabled="true">
        <transform>9.0211501362679658e-001 2.8308222665269278e-001 3.2565772698107143e-001 -6.9301197262702061e+000 3.5549034950618752e-001 -5.9810412024021015e-002 -9.3276434645707029e-001 1.2101505301003707e+001 -2.4457128530776717e-001 9.5722890029860164e-001 -1.5458887034982957e-001 -2.1649527060346124e+001 0.0000000000000000e+000 0.0000000000000000e+000 0.0000000000000000e+000 1.0000000000000000e+000</transform>
        <orientation>1</orientation>
      </camera>
      <camera id="52" label="DSCN3328.JPG" sensor_id="0" enabled="true">
        <transform>7.1314524459832584e-001 2.6126155892984282e-001 6.5051230421287287e-001 -6.9214856623876972e+000 6.4868524652592507e-001 -5.9774288015834964e-001 -4.7107419814674689e-001 1.2134747129341367e+001 2.6576551891920230e-001 7.5792205868779738e-001 -5.9575401123958704e-001 -2.1686403824593480e+001 0.0000000000000000e+000 0.0000000000000000e+000 0.0000000000000000e+000 1.0000000000000000e+000</transform>
        <orientation>1</orientation>
      </camera>
      <camera id="53" label="DSCN3329.JPG" sensor_id="0" enabled="true">
        <transform>9.3592393622180725e-001 2.6516064270618223e-001 2.3181073997276913e-001 -6.9442183088245919e+000 3.5157530509085011e-001 -7.4262210295801589e-001 -5.7000633070913331e-001 1.2125258836590127e+001 2.1004534209405179e-002 6.1498150033790322e-001 -7.8826173558329438e-001 -2.1704795481547347e+001 0.0000000000000000e+000 0.0000000000000000e+000 0.0000000000000000e+000 1.0000000000000000e+000</transform>
        <orientation>1</orientation>
      </camera>
      <camera id="54" label="DSCN3330.JPG" sensor_id="0" enabled="true">
        <orientation>1</orientation>
      </camera>
      <camera id="55" label="DSCN3331.JPG" sensor_id="0" enabled="true">
        <orientation>1</orientation>
      </camera>
      <camera id="56" label="DSCN3332.JPG" sensor_id="0" enabled="true">
        <orientation>1</orientation>
      </camera>
      <camera id="57" label="DSCN3333.JPG" sensor_id="0" enabled="true">
        <orientation>1</orientation>
      </camera>
      <camera id="58" label="DSCN3334.JPG" sensor_id="0" enabled="true">
        <orientation>6</orientation>
      </camera>
      <camera id="59" label="DSCN3335.JPG" sensor_id="0" enabled="true">
        <orientation>1</orientation>
      </camera>
      <camera id="60" label="DSCN3336.JPG" sensor_id="0" enabled="true">
        <orientation>1</orientation>
      </camera>
      <camera id="61" label="DSCN3337.JPG" sensor_id="0" enabled="true">
        <orientation>1</orientation>
      </camera>
      <camera id="62" label="DSCN3338.JPG" sensor_id="0" enabled="true">
        <orientation>1</orientation>
      </camera>
      <camera id="63" label="DSCN3339.JPG" sensor_id="0" enabled="true">
        <orientation>1</orientation>
      </camera>
      <camera id="64" label="DSCN3340.JPG" sensor_id="0" enabled="true">
        <orientation>1</orientation>
      </camera>
      <camera id="65" label="DSCN3341.JPG" sensor_id="0" enabled="true">
        <orientation>1</orientation>
      </camera>
      <camera id="66" label="DSCN3342.JPG" sensor_id="0" enabled="true">
        <orientation>1</orientation>
      </camera>
      <camera id="67" label="DSCN3343.JPG" sensor_id="0" enabled="true">
        <orientation>1</orientation>
      </camera>
      <camera id="68" label="DSCN3344.JPG" sensor_id="0" enabled="true">
        <orientation>1</orientation>
      </camera>
      <camera id="69" label="DSCN3345.JPG" sensor_id="0" enabled="true">
        <orientation>1</orientation>
      </camera>
    </cameras>
    <reference>LOCAL_CS["Local Coordinates (m)",LOCAL_DATUM["Local Datum",0],UNIT["metre",1,AUTHORITY["EPSG","9001"]]]</reference>
    <region>
      <center>-1.2594546869790126e+000 6.0004276413734789e+000 -2.0531573493294264e+001</center>
      <size>2.3556494712829590e+001 1.5910304832458495e+001 7.6735746383666985e+000</size>
      <R>-5.7868837584082211e-001 6.5841179061658739e-001 -4.8126258699775398e-001 -6.7188275865811953e-001 -5.0403615822960393e-002 7.3894048077631169e-001 4.6226975056201436e-001 7.5096830125447400e-001 4.7154351678959855e-001</R>
    </region>
    <settings>
      <property name="accuracy_tiepoints" value="1"/>
      <property name="accuracy_cameras" value="10"/>
      <property name="accuracy_cameras_ypr" value="2"/>
      <property name="accuracy_markers" value="0.0050000000000000001"/>
      <property name="accuracy_scalebars" value="0.001"/>
      <property name="accuracy_projections" value="0.10000000000000001"/>
    </settings>
  </chunk>
</document>
