<?xml version="1.0" encoding="UTF-8"?>
<document version="1.3.0">
  <chunk>
    <sensors>
      <sensor id="0" label="COOLPIX S9100   (4.5 mm)" type="frame">
        <resolution width="4000" height="3000"/>
        <property name="pixel_width" value="0.0015575981510004436"/>
        <property name="pixel_height" value="0.0015575981510004436"/>
        <property name="focal_length" value="4.5"/>
        <property name="fixed" value="false"/>
        <calibration type="frame" class="adjusted">
          <resolution width="4000" height="3000"/>
          <fx>2911.5624551419978</fx>
          <fy>2918.4705585589145</fy>
          <cx>1997.6549131759978</cx>
          <cy>1493.1988935670022</cy>
          <skew>4.6865606752384004</skew>
          <k1>-0.0035678699116643794</k1>
          <k2>0.0091684061267749573</k2>
          <k3>-0.00033649588354886344</k3>
          <k4>-0.0057467719937418331</k4>
          <p1>-0.0033629636503820109</p1>
          <p2>-0.0015523205887402435</p2>
        </calibration>
      </sensor>
      <sensor id="1" label="COOLPIX S9100   (5.9 mm)" type="frame">
        <resolution width="4000" height="3000"/>
        <property name="pixel_width" value="0.0015471092745627303"/>
        <property name="pixel_height" value="0.0015471092745627303"/>
        <property name="focal_length" value="5.9000000000000004"/>
        <property name="fixed" value="false"/>
        <calibration type="frame" class="adjusted">
          <resolution width="4000" height="3000"/>
          <fx>3873.9518387231224</fx>
          <fy>3862.2837554018879</fy>
          <cx>1999.1692114918217</cx>
          <cy>1492.5399448303233</cy>
          <skew>3.2143732497157766</skew>
          <k1>0.003582607436231964</k1>
          <k2>-0.026989927514491724</k2>
          <k3>-0.011132652100286322</k3>
          <k4>0.079011084994690353</k4>
          <p1>-0.001384049172468711</p1>
          <p2>7.6905796561594513e-005</p2>
        </calibration>
      </sensor>
    </sensors>
    <cameras>
      <group id="0" label="Group 1" type="folder"/>
      <camera id="0" label="DSCN3383.JPG" sensor_id="0" enabled="true">
        <transform>4.7847261208958658e-003 1.9607292411711147e-001 -9.8057764344498155e-001 4.7747623127307763e+000 9.8356365373974852e-001 -1.7791943108799702e-001 -3.0776859544786594e-002 -2.0560518615566181e-002 -1.8049832530542775e-001 -9.6431327091847541e-001 -1.9370149739340436e-001 -4.4558392307146395e+000 0.0000000000000000e+000 0.0000000000000000e+000 0.0000000000000000e+000 1.0000000000000000e+000</transform>
        <rolling_shutter>
          <rotation>9.9999727232755808e-001 1.4256480672621713e-004 -2.3313113733596934e-003 -1.4432906247056570e-004 9.9999970335164778e-001 -7.5661465634157393e-004 2.3312028151577699e-003 7.5694906852946631e-004 9.9999699625625993e-001</rotation>
          <translation>-7.6602816084831091e-003 -1.1137612558457268e-003 -9.7257244837154998e-003</translation>
        </rolling_shutter>
        <orientation>1</orientation>
      </camera>
      <camera id="1" label="DSCN3384.JPG" sensor_id="0" enabled="true">
        <transform>4.8032370665378987e-001 8.7372776544347441e-002 -8.7272855731051657e-001 4.3100410053881859e+000 8.6196001406899114e-001 -2.3105058630825107e-001 4.5126551021853861e-001 -1.6864728268718148e+000 -1.6221612426805371e-001 -9.6901064209096544e-001 -1.8629091373952306e-001 -4.1127029207859618e+000 0.0000000000000000e+000 0.0000000000000000e+000 0.0000000000000000e+000 1.0000000000000000e+000</transform>
        <rolling_shutter>
          <rotation>9.9999471793339878e-001 -1.1750653059896215e-003 -3.0304004403274134e-003 1.1751131514421542e-003 9.9999930945619009e-001 1.4008003731363980e-005 3.0303818873839566e-003 -1.7568993151740116e-005 9.9999540822793132e-001</rotation>
          <translation>-5.0713717241359256e-003 -6.2564639879241690e-003 -7.1742124721001508e-003</translation>
        </rolling_shutter>
        <orientation>1</orientation>
      </camera>
      <camera id="2" label="DSCN3385.JPG" sensor_id="0" enabled="true">
        <transform>8.8514103670482958e-001 1.5261829639604005e-001 -4.3958275756252013e-001 2.0837903745876387e+000 4.6077464406857527e-001 -4.1923308418421151e-001 7.8225977047836948e-001 -3.8206909277727013e+000 -6.4900481697569734e-002 -8.9495881286825940e-001 -4.4140304795601393e-001 -3.1724669513402124e+000 0.0000000000000000e+000 0.0000000000000000e+000 0.0000000000000000e+000 1.0000000000000000e+000</transform>
        <rolling_shutter>
          <rotation>9.9997479311799031e-001 -5.9163903655127265e-003 -3.9254876990435826e-003 5.8980353000496269e-003 9.9997169667609920e-001 -4.6710840629106253e-003 3.9530125514400790e-003 4.6478136544269195e-003 9.9998138558675276e-001</rotation>
          <translation>-1.1254600812564932e-002 -2.7157645716858532e-002 -8.3845441559849253e-003</translation>
        </rolling_shutter>
        <orientation>1</orientation>
      </camera>
      <camera id="3" label="DSCN3386.JPG" sensor_id="0" enabled="true">
        <transform>9.9994578629964059e-001 -8.7517132673595715e-003 -5.6419833816333358e-003 5.4395724882238164e-002 9.5656913600576437e-004 -4.6233784024761332e-001 8.8670333621265918e-001 -4.4669607731337813e+000 -1.0368675763121608e-002 -8.8666066169085112e-001 -4.6230440358367875e-001 -2.8319123170913660e+000 0.0000000000000000e+000 0.0000000000000000e+000 0.0000000000000000e+000 1.0000000000000000e+000</transform>
        <rolling_shutter>
          <rotation>9.9998482140607703e-001 -5.3613172276829263e-003 -1.2701318988007477e-003 5.3612834425379010e-003 9.9998562776655342e-001 -3.0003015091060912e-005 1.2702744998502797e-003 2.3193022568616423e-005 9.9999919293206374e-001</rotation>
          <translation>-6.5890629612432566e-003 -1.3269731913666901e-002 1.5714581359869192e-002</translation>
        </rolling_shutter>
        <orientation>1</orientation>
      </camera>
      <camera id="4" label="DSCN3387.JPG" sensor_id="0" enabled="true">
        <transform>8.0988589455214210e-001 -2.2148691870093387e-001 5.4316515227860751e-001 -2.2838438230380325e+000 -5.7900987644094060e-001 -4.5020703071179830e-001 6.7975083117383006e-001 -3.9075174663683989e+000 9.3980853312383372e-002 -8.6501859768564038e-001 -4.9285943723200071e-001 -2.6037850639981461e+000 0.0000000000000000e+000 0.0000000000000000e+000 0.0000000000000000e+000 1.0000000000000000e+000</transform>
        <rolling_shutter>
          <rotation>9.9999160983233981e-001 -4.0810113453735100e-003 3.5441687939055124e-004 4.0799297085753663e-003 9.9998717465876785e-001 3.0007818227754533e-003 -3.6665855853691514e-004 -2.9993106497573974e-003 9.9999543483814346e-001</rotation>
          <translation>-3.1258119421232106e-004 5.2494428262800539e-003 -5.2957416992326237e-003</translation>
        </rolling_shutter>
        <orientation>1</orientation>
      </camera>
      <camera id="5" label="DSCN3388.JPG" sensor_id="0" enabled="true">
        <transform>4.8251198135780016e-001 -3.1917067170698982e-001 8.1566676416798933e-001 -3.6940813425475434e+000 -8.6425178823467586e-001 -3.2478899242753850e-001 3.8416266988226383e-001 -2.5321130430720098e+000 1.4230612909967910e-001 -8.9030455054437030e-001 -4.3255840403424400e-001 -2.5304371530356309e+000 0.0000000000000000e+000 0.0000000000000000e+000 0.0000000000000000e+000 1.0000000000000000e+000</transform>
        <rolling_shutter>
          <rotation>9.9999588363874492e-001 -2.8576901114477690e-003 -2.5751270414512334e-004 2.8584976122973497e-003 9.9999082018576146e-001 3.1919485598490968e-003 2.4838874039063166e-004 -3.1926715200856493e-003 9.9999487256265396e-001</rotation>
          <translation>-6.7284398810284370e-003 4.9883786483769623e-003 -3.5320385600219252e-002</translation>
        </rolling_shutter>
        <orientation>1</orientation>
      </camera>
      <camera id="6" label="DSCN3389.JPG" sensor_id="0" enabled="true">
        <transform>1.5571846149460833e-002 -4.1101321400709223e-001 9.1149638261435695e-001 -4.3091468627790581e+000 -9.7153970591262795e-001 -2.2171711663572924e-001 -8.3379374103810966e-002 -3.0439951055023697e-002 2.3636437430945989e-001 -8.8425655671999337e-001 -4.0276820189160761e-001 -3.8031171986682919e+000 0.0000000000000000e+000 0.0000000000000000e+000 0.0000000000000000e+000 1.0000000000000000e+000</transform>
        <rolling_shutter>
          <rotation>9.9999603887807953e-001 1.4745831174732659e-003 -2.3974638224674534e-003 -1.4684345730251421e-003 9.9999563390931412e-001 2.5643444023135363e-003 2.4012346938860219e-003 -2.5608137258682296e-003 9.9999383813351883e-001</rotation>
          <translation>-6.5589425663507752e-003 4.0366625446517888e-003 -4.9553324889939979e-003</translation>
        </rolling_shutter>
        <orientation>1</orientation>
      </camera>
      <camera id="7" label="DSCN3390.JPG" sensor_id="0" enabled="true">
        <transform>-5.0705777863522516e-001 -3.1850080910104983e-001 8.0090551485645789e-001 -3.6311035553237181e+000 -8.4473436402576774e-001 -9.5277480608080278e-004 -5.3518496471234200e-001 2.0238782009197624e+000 1.7121992687620430e-001 -9.4792211010301142e-001 -2.6856546654095659e-001 -4.3544102178843822e+000 0.0000000000000000e+000 0.0000000000000000e+000 0.0000000000000000e+000 1.0000000000000000e+000</transform>
        <rolling_shutter>
          <rotation>9.9998834115320001e-001 4.8010224482963612e-003 5.1743707079168560e-004 -4.8015541107427609e-003 9.9998794078497488e-001 1.0311948153417640e-003 -5.1248004144977075e-004 -1.0336672948936985e-003 9.9999933444784384e-001</rotation>
          <translation>-1.1308795037228143e-003 4.4621285024233253e-003 1.3248352059179003e-002</translation>
        </rolling_shutter>
        <orientation>1</orientation>
      </camera>
      <camera id="8" label="DSCN3391.JPG" sensor_id="0" enabled="true">
        <transform>-4.8865548674915360e-001 -5.3711515411532029e-001 6.8754863572668334e-001 -3.1210069258803603e+000 -7.8319919008946948e-001 -7.7215858854522534e-002 -6.1695764829083466e-001 2.0580870965410631e+000 3.8446696075624837e-001 -8.3996727457742903e-001 -3.8293620059458899e-001 -3.8714426291492425e+000 0.0000000000000000e+000 0.0000000000000000e+000 0.0000000000000000e+000 1.0000000000000000e+000</transform>
        <rolling_shutter>
          <rotation>9.9999609501740827e-001 2.7942859245446813e-003 4.3773353400976271e-005 -2.7943289560883352e-003 9.9999557978655906e-001 1.0159394807843062e-003 -4.0934334522057276e-005 -1.0160578307072332e-003 9.9999948297529884e-001</rotation>
          <translation>7.8142848187700564e-003 -9.0649709157142877e-003 1.4191366439661499e-002</translation>
        </rolling_shutter>
        <orientation>1</orientation>
      </camera>
      <camera id="9" label="DSCN3392.JPG" sensor_id="0" enabled="true">
        <transform>-9.1525033412887657e-001 -1.3909229980651275e-001 3.7811394844876445e-001 -1.3973235481310815e+000 -3.9098256684006605e-001 8.0200733304208516e-002 -9.1689719969286654e-001 2.7709457603573551e+000 9.7208324253291456e-002 -9.8702643050325767e-001 -1.2778641236009647e-001 -4.6610297298997461e+000 0.0000000000000000e+000 0.0000000000000000e+000 0.0000000000000000e+000 1.0000000000000000e+000</transform>
        <rolling_shutter>
          <rotation>9.9999867670784415e-001 -8.0565601106685660e-004 1.4133297394763489e-003 8.1365778298307472e-004 9.9998359305618556e-001 -5.6702362784341286e-003 -1.4087382911128351e-003 5.6713787417973852e-003 9.9998292531402466e-001</rotation>
          <translation>1.4123660846147031e-002 -4.8350547855703543e-002 -4.1181764133421651e-002</translation>
        </rolling_shutter>
        <orientation>1</orientation>
      </camera>
      <camera id="10" label="DSCN3393.JPG" sensor_id="0" enabled="true">
        <transform>-9.9928683583522360e-001 -9.9232589870694322e-003 3.6432796454602817e-002 3.2996099255620281e-001 -3.6854399829230486e-002 4.6266221934474494e-002 -9.9824906206874930e-001 3.2139092851830422e+000 8.2202761300451590e-003 -9.9887985545759517e-001 -4.6598942277269240e-002 -5.0602162015962291e+000 0.0000000000000000e+000 0.0000000000000000e+000 0.0000000000000000e+000 1.0000000000000000e+000</transform>
        <rolling_shutter>
          <rotation>9.9994553098629990e-001 -6.8146904653097794e-004 1.0414924890049323e-002 7.1612706664681090e-004 9.9999421788150356e-001 -3.3243594246835516e-003 -1.0412599221672010e-002 3.3316367597153620e-003 9.9994023720117897e-001</rotation>
          <translation>3.0130601989903662e-002 -3.1413884291244573e-002 1.2783735661257267e-002</translation>
        </rolling_shutter>
        <orientation>1</orientation>
      </camera>
      <camera id="11" label="DSCN3394.JPG" sensor_id="0" enabled="true">
        <transform>-8.3514773768707795e-001 1.1580431535146213e-001 -5.3769658431324874e-001 2.6749862123532422e+000 5.4975139974276654e-001 2.0661648760111029e-001 -8.0937199453171660e-001 2.9318831736000726e+000 1.7368209954525038e-002 -9.7154464004355412e-001 -2.3621887664963670e-001 -4.3271661309203076e+000 0.0000000000000000e+000 0.0000000000000000e+000 0.0000000000000000e+000 1.0000000000000000e+000</transform>
        <rolling_shutter>
          <rotation>9.9999553604123226e-001 9.0393772455013739e-004 2.8479456102096542e-003 -9.0006605197708359e-004 9.9999866952748773e-001 -1.3604500565560231e-003 -2.8491715832247989e-003 1.3578806444014219e-003 9.9999501917831812e-001</rotation>
          <translation>2.1645705339310367e-003 -1.0818395074681426e-003 -1.1140350414882051e-002</translation>
        </rolling_shutter>
        <orientation>1</orientation>
      </camera>
      <camera id="12" label="DSCN3395.JPG" sensor_id="0" enabled="true">
        <transform>-6.4191042714206681e-001 2.5255493722609895e-001 -7.2399378948234805e-001 4.1564041058054730e+000 7.5284785030642820e-001 2.8415066878746287e-002 -6.5758094426714164e-001 3.2051277148316681e+000 -1.4550298215252883e-001 -9.6716523286199507e-001 -2.0837536929235034e-001 -4.2882039368537148e+000 0.0000000000000000e+000 0.0000000000000000e+000 0.0000000000000000e+000 1.0000000000000000e+000</transform>
        <rolling_shutter>
          <rotation>9.9999582158885880e-001 2.7617118929568097e-003 8.5425537375873994e-004 -2.7604678668421844e-003 9.9999513278541274e-001 -1.4540366710708958e-003 -8.5826684628181199e-004 1.4516724509985332e-003 9.9999857801154679e-001</rotation>
          <translation>5.3728381507157129e-003 -4.7653494960997302e-003 -2.1356410489584012e-002</translation>
        </rolling_shutter>
        <orientation>1</orientation>
      </camera>
      <camera id="13" label="DSCN3396.JPG" sensor_id="0" enabled="true">
        <transform>-6.3293245104889984e-002 4.9140855442440518e-001 -8.6862627047689989e-001 5.3820257204498665e+000 9.7278147992020081e-001 -1.6402883054052941e-001 -1.6367875572526241e-001 5.7482767081411046e-001 -2.2291289206404397e-001 -8.5534330849666595e-001 -4.6765122384274938e-001 -3.7754385201713663e+000 0.0000000000000000e+000 0.0000000000000000e+000 0.0000000000000000e+000 1.0000000000000000e+000</transform>
        <rolling_shutter>
          <rotation>9.9999790420016854e-001 1.3554326744866492e-003 -1.5344046191896627e-003 -1.3607991653757782e-003 9.9999294272583561e-001 -3.5018172646772991e-003 1.5296473129349751e-003 3.5038979420944022e-003 9.9999269141244695e-001</rotation>
          <translation>1.3267257309697010e-003 -1.2414855629998438e-002 -2.1512576508602721e-002</translation>
        </rolling_shutter>
        <orientation>1</orientation>
      </camera>
      <camera id="14" label="DSCN3397.JPG" sensor_id="0" enabled="true">
        <transform>-5.4370268779770692e-002 8.4272910735536055e-001 -5.3558521776543944e-001 3.4492514623789101e+000 9.9130945797796122e-001 -1.8791617775145375e-002 -1.3020151160733234e-001 6.6934151750888460e-001 -1.1978911635143197e-001 -5.3800978310568914e-001 -8.3438362932545163e-001 -1.3323464921114538e+000 0.0000000000000000e+000 0.0000000000000000e+000 0.0000000000000000e+000 1.0000000000000000e+000</transform>
        <rolling_shutter>
          <rotation>9.9999976296826287e-001 -6.7953300674768419e-004 -1.1089774934585030e-004 6.7961779403171688e-004 9.9999947544007317e-001 7.6631536099741886e-004 1.1037695459191662e-004 -7.6639054744013732e-004 9.9999970023118334e-001</rotation>
          <translation>3.8797122697144756e-003 5.6484358522653185e-003 1.1643558746889226e-002</translation>
        </rolling_shutter>
        <orientation>1</orientation>
      </camera>
      <camera id="15" label="DSCN3398.JPG" sensor_id="0" enabled="true">
        <transform>-8.1469859462399064e-001 5.4718093822113134e-001 -1.9198755367246295e-001 2.0040021426049308e+000 5.7056521632741342e-001 6.9727954983880513e-001 -4.3388542645938738e-001 2.3943786890694962e+000 -1.0354483973113486e-001 -4.6302726725759352e-001 -8.8027507970010066e-001 -1.1197663243855498e+000 0.0000000000000000e+000 0.0000000000000000e+000 0.0000000000000000e+000 1.0000000000000000e+000</transform>
        <rolling_shutter>
          <rotation>9.9999900613728476e-001 -1.4080261377001095e-003 7.2019707529275188e-005 1.4079857059452366e-003 9.9999885288124590e-001 5.5840168696553582e-004 -7.2805869084739252e-005 -5.5829972927216658e-004 9.9999984150034626e-001</rotation>
          <translation>3.2811703612660699e-003 6.0919276855280714e-003 -8.5272350158146198e-003</translation>
        </rolling_shutter>
        <orientation>1</orientation>
      </camera>
      <camera id="80" label="DSCN3399.JPG" sensor_id="0" enabled="true">
        <transform>-9.9496478044052628e-001 6.4024131903003809e-002 -7.7110286064844963e-002 9.3752034524772088e-001 9.5674500707632545e-002 8.3592725793953471e-001 -5.4043686897549503e-001 2.8619598533848469e+000 2.9857588604585480e-002 -5.4509313880084553e-001 -8.3784365751311951e-001 -9.7988838695133496e-001 0.0000000000000000e+000 0.0000000000000000e+000 0.0000000000000000e+000 1.0000000000000000e+000</transform>
        <rolling_shutter>
          <rotation>9.9999888827067396e-001 -1.3552290310394754e-003 6.2194186986992250e-004 1.3540929649761824e-003 9.9999742073940479e-001 1.8234436596713186e-003 -6.2441144950385271e-004 -1.8225994653849002e-003 9.9999814411904309e-001</rotation>
          <translation>-1.5249695816532518e-003 1.0498036877561996e-002 -6.8926272153077475e-003</translation>
        </rolling_shutter>
        <orientation>1</orientation>
      </camera>
      <camera id="81" label="DSCN3400.JPG" sensor_id="0" enabled="true">
        <transform>-7.8010430732984248e-001 -5.4912225084610722e-001 2.9983666105253282e-001 -1.3662693873173448e+000 -6.1068721010070159e-001 5.6412935778402185e-001 -5.5571503408276468e-001 2.1000004686457134e+000 1.3600882730487829e-001 -6.1662210575999599e-001 -7.7542167727196021e-001 -1.0654715016381802e+000 0.0000000000000000e+000 0.0000000000000000e+000 0.0000000000000000e+000 1.0000000000000000e+000</transform>
        <rolling_shutter>
          <rotation>9.9999955160192111e-001 -6.8649333870289921e-004 6.5232112689310429e-004 6.8541124764779813e-004 9.9999839126899659e-001 1.6576099783846532e-003 -6.5345801569223396e-004 -1.6571621268780638e-003 9.9999841340189477e-001</rotation>
          <translation>-1.7851653334800429e-003 1.2806110070155213e-003 -7.6257448603981983e-003</translation>
        </rolling_shutter>
        <orientation>1</orientation>
      </camera>
      <camera id="82" label="DSCN3401.JPG" sensor_id="0" enabled="true">
        <transform>-8.3233149776192306e-001 -5.0699033179778386e-001 2.2402026983504603e-001 -7.5538496660268362e-001 -5.3928192965494348e-001 6.4734596544626932e-001 -5.3862621674782818e-001 2.5885122173255839e+000 1.2805966648806483e-001 -5.6912564911802277e-001 -8.1221716143834022e-001 -1.3529777543259509e+000 0.0000000000000000e+000 0.0000000000000000e+000 0.0000000000000000e+000 1.0000000000000000e+000</transform>
        <rolling_shutter>
          <rotation>9.9999409875396694e-001 -3.1264776805637572e-003 -1.4239362887659430e-003 3.1258516915115171e-003 9.9999501699365567e-001 -4.4163226893126687e-004 1.4253099467142034e-003 4.3717864909377816e-004 9.9999888868257480e-001</rotation>
          <translation>-1.7881706184138584e-002 -4.6693453456615117e-003 8.6822436420432962e-003</translation>
        </rolling_shutter>
        <orientation>1</orientation>
      </camera>
      <camera id="19" label="DSCN3402.JPG" sensor_id="0" enabled="true">
        <transform>-1.4956192769251064e-001 -9.3144767344781054e-001 3.3171744213043924e-001 -1.6628710812547551e+000 -9.5684353469920058e-001 5.1804456377168240e-002 -2.8594885627294625e-001 9.5450103301696598e-001 2.4916195514010592e-001 -3.6016875201511750e-001 -8.9899765860798142e-001 -8.0092690828747470e-001 0.0000000000000000e+000 0.0000000000000000e+000 0.0000000000000000e+000 1.0000000000000000e+000</transform>
        <rolling_shutter>
          <rotation>9.9999876186921000e-001 -1.5735168181121239e-003 1.7460534572841636e-005 1.5735106542678122e-003 9.9999870162322912e-001 3.4758607136349301e-004 -1.8007444431506925e-005 -3.4755816666929705e-004 9.9999993943952448e-001</rotation>
          <translation>2.7054891376398255e-003 -7.6422556667876639e-003 -5.9558399777636991e-003</translation>
        </rolling_shutter>
        <orientation>1</orientation>
      </camera>
      <camera id="20" label="DSCN3403.JPG" sensor_id="0" enabled="true">
        <transform>6.9472163812658239e-001 -6.8713086349976560e-001 2.1263353908728538e-001 -1.3884148975535218e+000 -7.1804168961585402e-001 -6.7986007195145803e-001 1.4901816848883853e-001 -1.6014907468465143e+000 4.2166070392285857e-002 -2.5620589179842213e-001 -9.6570210909754572e-001 3.9668267213835040e-001 0.0000000000000000e+000 0.0000000000000000e+000 0.0000000000000000e+000 1.0000000000000000e+000</transform>
        <rolling_shutter>
          <rotation>9.9999517216233647e-001 -2.4869592463435076e-003 -1.8629776504595927e-003 2.4861094373967059e-003 9.9999680459013740e-001 -4.5833326302785048e-004 1.8641115536288178e-003 4.5369948395083775e-004 9.9999815962075345e-001</rotation>
          <translation>-8.7783250557895084e-003 -1.0195698358433116e-003 1.3070071657718164e-002</translation>
        </rolling_shutter>
        <orientation>1</orientation>
      </camera>
      <camera id="21" label="DSCN3404.JPG" sensor_id="0" enabled="true">
        <transform>9.9620883835592133e-001 2.8313242500960338e-002 -8.2257587374221619e-002 4.2947424837373366e-001 4.2298134098806832e-002 -9.8390690486854981e-001 1.7360319813802344e-001 -1.1463639618475152e+000 -7.6018538747500558e-002 -1.7642438281335232e-001 -9.8137435207754564e-001 -2.5529002307811965e-001 0.0000000000000000e+000 0.0000000000000000e+000 0.0000000000000000e+000 1.0000000000000000e+000</transform>
        <rolling_shutter>
          <rotation>9.9999998181747085e-001 1.6735688823942942e-004 9.1415152396815414e-005 -1.6734472469735732e-004 9.9999997714675770e-001 -1.3304971745083105e-004 -9.1437417094335848e-005 1.3303441718816761e-004 9.9999998697052128e-001</rotation>
          <translation>7.0097694747968712e-004 -4.1227583670408793e-003 -3.7548411200329307e-003</translation>
        </rolling_shutter>
        <orientation>1</orientation>
      </camera>
      <camera id="22" label="DSCN3405.JPG" sensor_id="0" enabled="true">
        <transform>6.6315667139946932e-001 6.4006145651591939e-001 -3.8800072301620292e-001 2.4222108256229347e+000 7.1693263952753716e-001 -6.9210869749862769e-001 8.3625003598394421e-002 -4.3086143108665442e-001 -2.1501353343093269e-001 -3.3362686152267906e-001 -9.1785744955961013e-001 1.9238417434184857e-001 0.0000000000000000e+000 0.0000000000000000e+000 0.0000000000000000e+000 1.0000000000000000e+000</transform>
        <rolling_shutter>
          <rotation>9.9999856364866069e-001 2.6899774815979230e-004 -1.6734218915130726e-003 -2.6939558239864083e-004 9.9999993550605915e-001 -2.3751609972880980e-004 1.6733578922915222e-003 2.3796657103729882e-004 9.9999857162161754e-001</rotation>
          <translation>-6.1087981420902184e-003 -3.4919230863820969e-003 2.1507978634935979e-002</translation>
        </rolling_shutter>
        <orientation>1</orientation>
      </camera>
      <camera id="23" label="DSCN3406.JPG" sensor_id="0" enabled="true">
        <transform>9.9242520940069079e-001 7.3233327129969980e-002 -9.8636116830854229e-002 5.5009453705655165e-001 6.3339574365762694e-002 -9.9297403913738513e-001 -9.9953268672668405e-002 1.9929065902439463e-001 -1.0526301375677564e-001 9.2948573935598494e-002 -9.9009103649017005e-001 -4.7201876843070495e-001 0.0000000000000000e+000 0.0000000000000000e+000 0.0000000000000000e+000 1.0000000000000000e+000</transform>
        <rolling_shutter>
          <rotation>9.9999837936953562e-001 -1.6854649453157608e-003 6.3282400446820633e-004 1.6850452887050794e-003 9.9999836046064905e-001 6.6309757113530417e-004 -6.3394059463979112e-004 -6.6203015939189983e-004 9.9999957991760702e-001</rotation>
          <translation>3.2117367387755683e-003 4.9318361063170647e-003 9.6675180702603444e-003</translation>
        </rolling_shutter>
        <orientation>1</orientation>
      </camera>
      <camera id="24" label="DSCN3407.JPG" sensor_id="0" enabled="true">
        <transform>9.9547590039778067e-001 -9.3951839422771327e-002 1.4169812853588926e-002 1.1986713626995911e-001 -5.2746992183076324e-002 -4.2241390992463873e-001 9.0486697559244467e-001 -5.0498608350025025e+000 -7.9028390739445190e-002 -9.0152068227592930e-001 -4.2545854426239532e-001 -3.6762990943440967e+000 0.0000000000000000e+000 0.0000000000000000e+000 0.0000000000000000e+000 1.0000000000000000e+000</transform>
        <rolling_shutter>
          <rotation>9.9998977553051693e-001 1.6846901251262618e-003 4.1965049277616047e-003 -1.6831137170720718e-003 9.9999851168520471e-001 -3.7915114534084184e-004 -4.1971374342317175e-003 3.7208407371385610e-004 9.9999112275599744e-001</rotation>
          <translation>1.2509342189473352e-002 -2.2081917561959118e-002 -3.7218693225797854e-003</translation>
        </rolling_shutter>
        <orientation>1</orientation>
      </camera>
      <camera id="25" label="DSCN3408.JPG" sensor_id="0" enabled="true">
        <transform>6.9540075605116236e-001 -2.4750370149742423e-001 6.7465524990808856e-001 -3.0211212056102585e+000 -7.1851576956402163e-001 -2.5562343783681002e-001 6.4683208556495719e-001 -3.0625366991243870e+000 1.2364358911532203e-002 -9.3455795741813907e-001 -3.5559604448748072e-001 -4.5931218647452434e+000 0.0000000000000000e+000 0.0000000000000000e+000 0.0000000000000000e+000 1.0000000000000000e+000</transform>
        <rolling_shutter>
          <rotation>9.9999209826734414e-001 3.5426702327869008e-003 -1.8035771389163528e-003 -3.5379487534785699e-003 9.9999032403636512e-001 2.6143359124869161e-003 1.8128214175851759e-003 -2.6079342912130603e-003 9.9999495616590017e-001</rotation>
          <translation>-2.5177341688554684e-002 2.6364334700948691e-002 3.9822152971158327e-002</translation>
        </rolling_shutter>
        <orientation>1</orientation>
      </camera>
      <camera id="26" label="DSCN3409.JPG" sensor_id="0" enabled="true">
        <transform>8.9450406511946556e-001 -7.6570710541540493e-002 -4.4045363407731686e-001 2.2126615720912270e+000 3.9979662994036536e-001 -3.0388496017117228e-001 8.6476389012845101e-001 -3.9034024026082985e+000 -2.0006282056663563e-001 -9.4962669363752028e-001 -2.4121362017513334e-001 -3.9073314104273287e+000 0.0000000000000000e+000 0.0000000000000000e+000 0.0000000000000000e+000 1.0000000000000000e+000</transform>
        <rolling_shutter>
          <rotation>9.9993390109023605e-001 8.2430964324000638e-003 -8.0152861251510891e-003 -8.3601556045025827e-003 9.9985725805784453e-001 -1.4682346791892644e-002 7.8931140071831166e-003 1.4748385343997812e-002 9.9986008215200517e-001</rotation>
          <translation>-2.6481794449574332e-002 -6.5291874892097160e-002 -2.6189488680284905e-002</translation>
        </rolling_shutter>
        <orientation>1</orientation>
      </camera>
    </cameras>
    <transform>
      <rotation>9.9531615239964555e-001 -9.6673454331401343e-002 0.0000000000000000e+000 9.4548391733788220e-002 9.7343724941750898e-001 -2.0851983854546918e-001 2.0158333088816604e-002 2.0754316340007165e-001 9.7801813732311316e-001</rotation>
    </transform>
    <reference>LOCAL_CS["Local Coordinates (m)",LOCAL_DATUM["Local Datum",0],UNIT["metre",1,AUTHORITY["EPSG","9001"]]]</reference>
    <region>
      <center>2.1713445484592658e-001 -2.8964784145521022e-001 -5.1935431648841499e+000</center>
      <size>4.2311807611423093e+000 4.7335687211567770e+000 3.0700264454976405e+000</size>
      <R>-1.1860261975216543e-002 -9.7771803965746684e-001 2.0958713966806095e-001 9.9908572221568015e-001 -2.0196763228148087e-002 -3.7680371811849397e-002 4.1073761096986489e-002 2.0894861972137121e-001 9.7706367267741656e-001</R>
    </region>
    <settings>
      <property name="accuracy_tiepoints" value="1"/>
      <property name="accuracy_cameras" value="10"/>
      <property name="accuracy_cameras_ypr" value="2"/>
      <property name="accuracy_markers" value="0.0050000000000000001"/>
      <property name="accuracy_scalebars" value="0.001"/>
      <property name="accuracy_projections" value="0.10000000000000001"/>
    </settings>
  </chunk>
</document>
