<?xml version="1.0" encoding="UTF-8"?>
<document version="1.3.0">
  <chunk>
    <sensors>
      <sensor id="0" label="Nexus 5 (3.97 mm)" type="frame">
        <resolution width="2448" height="3264"/>
        <property name="focal_length" value="3.9700000000000002"/>
        <property name="fixed" value="false"/>
        <calibration type="frame" class="adjusted">
          <resolution width="2448" height="3264"/>
          <fx>2870.9479053216924</fx>
          <fy>2870.9479053216924</fy>
          <cx>1224</cx>
          <cy>1632</cy>
          <p1>-0.010184094675862789</p1>
          <p2>0.0030697765861436217</p2>
        </calibration>
      </sensor>
    </sensors>
    <cameras>
      <camera id="0" label="IMG_20170323_113118.jpg" sensor_id="0" enabled="true">
        <transform>5.9209608231871402e-001 1.7611234900714967e-001 -7.8638837086392255e-001 3.7775861049851698e+000 1.9894927073790736e-001 -9.7756837254175200e-001 -6.9132226052146889e-002 8.7543358431776208e-001 -7.8092343861334146e-001 -1.1551847269270052e-001 -6.1385182698356489e-001 -3.4183331948779889e+000 0.0000000000000000e+000 0.0000000000000000e+000 0.0000000000000000e+000 1.0000000000000000e+000</transform>
        <orientation>1</orientation>
      </camera>
      <camera id="1" label="IMG_20170323_113121.jpg" sensor_id="0" enabled="true">
        <transform>5.8563396887392216e-001 3.6107305270408080e-001 -7.2571282551153404e-001 3.6611214947821584e+000 1.9254146643379738e-001 -9.3164729774152588e-001 -3.0815758357443601e-001 2.3250752540285475e+000 -7.8737579223932264e-001 4.0737737073489017e-002 -6.1512583962440581e-001 -3.1265567685818874e+000 0.0000000000000000e+000 0.0000000000000000e+000 0.0000000000000000e+000 1.0000000000000000e+000</transform>
        <orientation>1</orientation>
      </camera>
      <camera id="2" label="IMG_20170323_113128.jpg" sensor_id="0" enabled="true">
        <transform>2.6033701136010690e-001 2.1647556270924148e-001 -9.4093728338598892e-001 3.9924873678811026e+000 2.0970194579665999e-001 -9.6395571202100561e-001 -1.6375127233451009e-001 1.4224029778481577e+000 -9.4247001779641904e-001 -1.5468586235268389e-001 -2.9634869586860713e-001 -4.8207814828616167e+000 0.0000000000000000e+000 0.0000000000000000e+000 0.0000000000000000e+000 1.0000000000000000e+000</transform>
        <orientation>1</orientation>
      </camera>
      <camera id="3" label="IMG_20170323_113131.jpg" sensor_id="0" enabled="true">
        <transform>2.6707655192986313e-001 4.7208005451754809e-001 -8.4012531061500817e-001 3.8552083466339342e+000 2.3358595274920604e-001 -8.7750787914502137e-001 -4.1882875345020454e-001 2.8613731431006690e+000 -9.3493728029611733e-001 -8.4382131788165893e-002 -3.4463304796171812e-001 -4.5873624368541099e+000 0.0000000000000000e+000 0.0000000000000000e+000 0.0000000000000000e+000 1.0000000000000000e+000</transform>
        <orientation>1</orientation>
      </camera>
      <camera id="4" label="IMG_20170323_113137.jpg" sensor_id="0" enabled="true">
        <orientation>1</orientation>
      </camera>
      <camera id="5" label="IMG_20170323_113141.jpg" sensor_id="0" enabled="true">
        <transform>-2.6995620641271834e-001 5.1403185243292071e-001 -8.1418357960820709e-001 4.2906903596177308e+000 2.1768922158822443e-001 -7.9110163190314420e-001 -5.7163765691607038e-001 3.6610933474378036e+000 -9.3794192220177819e-001 -3.3155612297854209e-001 1.0166360160780763e-001 -6.8760813265430656e+000 0.0000000000000000e+000 0.0000000000000000e+000 0.0000000000000000e+000 1.0000000000000000e+000</transform>
        <orientation>1</orientation>
      </camera>
      <camera id="6" label="IMG_20170323_113151.jpg" sensor_id="0" enabled="true">
        <transform>-6.1063809870681118e-001 2.4503220674244705e-001 -7.5304736243257464e-001 4.2173097086172318e+000 1.6091206256013987e-001 -8.9269545679434281e-001 -4.2095383302849393e-001 3.0384128336315621e+000 -7.7538920583818571e-001 -3.7822485253836274e-001 5.0568521868051541e-001 -9.2801145504305982e+000 0.0000000000000000e+000 0.0000000000000000e+000 0.0000000000000000e+000 1.0000000000000000e+000</transform>
        <orientation>1</orientation>
      </camera>
      <camera id="7" label="IMG_20170323_113155.jpg" sensor_id="0" enabled="true">
        <transform>-6.1121572524409029e-001 3.5077119408009494e-001 -7.0948918710433140e-001 4.1823294922221335e+000 1.7725345707274079e-001 -8.1298956223744390e-001 -5.5464329406270763e-001 4.4696710843806242e+000 -7.7136019418304347e-001 -4.6476611440228038e-001 4.3473659810660426e-001 -8.8970044495330249e+000 0.0000000000000000e+000 0.0000000000000000e+000 0.0000000000000000e+000 1.0000000000000000e+000</transform>
        <orientation>1</orientation>
      </camera>
      <camera id="8" label="IMG_20170323_113200.jpg" sensor_id="0" enabled="true">
        <transform>-7.9180218608563591e-001 1.9460945870384486e-001 -5.7894426043705127e-001 3.3445405248881652e+000 1.1474876915905499e-001 -8.8360370272909750e-001 -4.5395728488472409e-001 3.3525163681274788e+000 -5.9990167368202074e-001 -4.2587751185807532e-001 6.7730814760128510e-001 -1.0268716833162680e+001 0.0000000000000000e+000 0.0000000000000000e+000 0.0000000000000000e+000 1.0000000000000000e+000</transform>
        <orientation>1</orientation>
      </camera>
      <camera id="9" label="IMG_20170323_113204.jpg" sensor_id="0" enabled="true">
        <transform>-7.8637260114652519e-001 3.2268232778668388e-001 -5.2677722758317380e-001 3.2463079316891745e+000 1.1004703076172083e-001 -7.6591905661375659e-001 -6.3344901115750563e-001 4.6705349721605121e+000 -6.0787151865059175e-001 -5.5609721636604148e-001 5.6678752876484662e-001 -9.9258054508190945e+000 0.0000000000000000e+000 0.0000000000000000e+000 0.0000000000000000e+000 1.0000000000000000e+000</transform>
        <orientation>1</orientation>
      </camera>
      <camera id="10" label="IMG_20170323_113208.jpg" sensor_id="0" enabled="true">
        <transform>-9.4459846190477836e-001 1.2193773962107324e-001 -3.0473748279991797e-001 1.5975713301968282e+000 2.8899896622373966e-002 -8.9392798102187954e-001 -4.4727794571313512e-001 3.5127130966788593e+000 -3.2695342442363717e-001 -4.3130494131443647e-001 8.4087900785749603e-001 -1.1169491654226542e+001 0.0000000000000000e+000 0.0000000000000000e+000 0.0000000000000000e+000 1.0000000000000000e+000</transform>
        <orientation>1</orientation>
      </camera>
      <camera id="11" label="IMG_20170323_113211.jpg" sensor_id="0" enabled="true">
        <transform>-9.5950928105880329e-001 1.5218665543129589e-001 -2.3702565572244402e-001 1.5153601236598000e+000 3.1008002546765175e-002 -7.7929752596199409e-001 -6.2588646718680130e-001 4.8315576033895651e+000 -2.7996507521488878e-001 -6.0789356629113211e-001 7.4302420466749952e-001 -1.0881972407088529e+001 0.0000000000000000e+000 0.0000000000000000e+000 0.0000000000000000e+000 1.0000000000000000e+000</transform>
        <orientation>1</orientation>
      </camera>
      <camera id="12" label="IMG_20170323_113218.jpg" sensor_id="0" enabled="true">
        <transform>-9.9793795937212282e-001 6.1872878270389502e-002 1.7075601855890951e-002 -4.2527754366404644e-002 -6.1832020941197170e-002 -8.5531308419698959e-001 -5.1440871803242283e-001 3.0198067879787653e+000 -1.7222962304165285e-002 -5.1440380532804286e-001 8.5737511897272767e-001 -1.2002296683481791e+001 0.0000000000000000e+000 0.0000000000000000e+000 0.0000000000000000e+000 1.0000000000000000e+000</transform>
        <orientation>1</orientation>
      </camera>
      <camera id="13" label="IMG_20170323_113222.jpg" sensor_id="0" enabled="true">
        <transform>-9.9873323697693683e-001 4.8318867552941576e-002 1.4043090684426073e-002 -9.2666913712429966e-002 -4.5680387900014476e-002 -7.5362327677918350e-001 -6.5571736202262498e-001 4.6362819587347763e+000 -2.1100320350031065e-002 -6.5552821734461386e-001 7.5487583929154711e-001 -1.1499638279917315e+001 0.0000000000000000e+000 0.0000000000000000e+000 0.0000000000000000e+000 1.0000000000000000e+000</transform>
        <orientation>1</orientation>
      </camera>
      <camera id="14" label="IMG_20170323_121615.jpg" sensor_id="0" enabled="true">
        <transform>-8.6428528339054489e-001 -5.3085823167617854e-002 5.0019280711855685e-001 -3.1539119393217296e+000 -1.6926410683628274e-001 -9.0572707643599626e-001 -3.8859763914313528e-001 2.7912420930696471e+000 4.7366719440071092e-001 -4.2052390941457696e-001 7.7382105848783844e-001 -1.0896184321579769e+001 0.0000000000000000e+000 0.0000000000000000e+000 0.0000000000000000e+000 1.0000000000000000e+000</transform>
        <orientation>1</orientation>
      </camera>
      <camera id="15" label="IMG_20170323_121617.jpg" sensor_id="0" enabled="true">
        <transform>-8.6948067007841789e-001 -1.3985271600077273e-001 4.7375582549156331e-001 -3.1828217477134633e+000 -1.7764092654073446e-001 -8.0639233076466366e-001 -5.6407012870890672e-001 4.1117962127189207e+000 4.6091980384632508e-001 -5.7460649727543145e-001 6.7629897804974126e-001 -1.0530424252375242e+001 0.0000000000000000e+000 0.0000000000000000e+000 0.0000000000000000e+000 1.0000000000000000e+000</transform>
        <orientation>1</orientation>
      </camera>
      <camera id="16" label="IMG_20170323_121622.jpg" sensor_id="0" enabled="true">
        <transform>-6.4124385775127402e-001 -1.4913154625064190e-001 7.5270585012284630e-001 -4.4762759207753753e+000 -2.5470606279134134e-001 -8.8394818478149539e-001 -3.9212297586195144e-001 2.4840201737222540e+000 7.2383087560119819e-001 -4.4316519327942705e-001 5.2884163507803628e-001 -9.9934049998489378e+000 0.0000000000000000e+000 0.0000000000000000e+000 0.0000000000000000e+000 1.0000000000000000e+000</transform>
        <orientation>1</orientation>
      </camera>
      <camera id="17" label="IMG_20170323_121624.jpg" sensor_id="0" enabled="true">
        <transform>-6.6444138239905404e-001 -2.6104969883126794e-001 7.0026473857801685e-001 -4.4905809326978767e+000 -2.4886392612179306e-001 -8.0624447421324230e-001 -5.3669040803414692e-001 3.5898660069120871e+000 7.0468744534785122e-001 -5.3086994880169736e-001 4.7073634003378395e-001 -9.7096250736616714e+000 0.0000000000000000e+000 0.0000000000000000e+000 0.0000000000000000e+000 1.0000000000000000e+000</transform>
        <orientation>1</orientation>
      </camera>
      <camera id="18" label="IMG_20170323_121628.jpg" sensor_id="0" enabled="true">
        <transform>-3.9298435465434578e-001 -2.1237374223641325e-001 8.9468468781208543e-001 -5.5961966812194186e+000 -2.4335396049898383e-001 -9.1425420430498905e-001 -3.2391063554645810e-001 1.8811281875393016e+000 8.8675935118067184e-001 -3.4501687425277178e-001 3.0760560718959673e-001 -8.6659905104114010e+000 0.0000000000000000e+000 0.0000000000000000e+000 0.0000000000000000e+000 1.0000000000000000e+000</transform>
        <orientation>1</orientation>
      </camera>
      <camera id="19" label="IMG_20170323_121631.jpg" sensor_id="0" enabled="true">
        <transform>-3.9647615989849005e-001 -3.2139757816291742e-001 8.5994781898854655e-001 -5.7594297818557498e+000 -2.4308395628650908e-001 -8.6653019044442248e-001 -4.3593075051486274e-001 3.0384268403473143e+000 8.8527783482263089e-001 -3.8187566798549022e-001 2.6543196750276721e-001 -8.4795634058186931e+000 0.0000000000000000e+000 0.0000000000000000e+000 0.0000000000000000e+000 1.0000000000000000e+000</transform>
        <orientation>1</orientation>
      </camera>
      <camera id="20" label="IMG_20170323_121635.jpg" sensor_id="0" enabled="true">
        <transform>-9.7813284234508302e-002 -1.8316095390447223e-001 9.7820479777603997e-001 -6.4232930250565046e+000 -2.4935819794347325e-001 -9.4705359948666912e-001 -2.0226212897556320e-001 1.3608108471408746e+000 9.6345889925084149e-001 -2.6370730870445658e-001 4.6961737512677293e-002 -7.1328719074741773e+000 0.0000000000000000e+000 0.0000000000000000e+000 0.0000000000000000e+000 1.0000000000000000e+000</transform>
        <orientation>1</orientation>
      </camera>
      <camera id="21" label="IMG_20170323_121636.jpg" sensor_id="0" enabled="true">
        <transform>-8.7500273385157534e-002 -1.9282158868702617e-001 9.7732468355901780e-001 -6.4323261597513115e+000 -2.4590007765476810e-001 -9.4654658228753918e-001 -2.0876474647113638e-001 1.3550643295513529e+000 9.6533768908444773e-001 -2.5859118797049163e-001 3.5408241090290726e-002 -7.1407937036797735e+000 0.0000000000000000e+000 0.0000000000000000e+000 0.0000000000000000e+000 1.0000000000000000e+000</transform>
        <orientation>1</orientation>
      </camera>
      <camera id="22" label="IMG_20170323_121639.jpg" sensor_id="0" enabled="true">
        <transform>-5.0106469033750933e-002 -3.2158348841666617e-001 9.4555454720430476e-001 -6.4444012199458580e+000 -2.5202425835527165e-001 -9.1203435099818631e-001 -3.2353843017451955e-001 2.4670076415501265e+000 9.6642284480523588e-001 -2.5451405182638753e-001 -3.5348019201503655e-002 -6.7562934213528836e+000 0.0000000000000000e+000 0.0000000000000000e+000 0.0000000000000000e+000 1.0000000000000000e+000</transform>
        <orientation>1</orientation>
      </camera>
      <camera id="23" label="IMG_20170323_121643.jpg" sensor_id="0" enabled="true">
        <transform>1.9306687320778271e-001 -2.0708356455832197e-001 9.5908371884814614e-001 -6.3493156004434468e+000 -2.1718049033652712e-001 -9.6224790187782150e-001 -1.6404758440439202e-001 9.4854611748116680e-001 9.5684785472245071e-001 -1.7662211815497444e-001 -2.3075270375771229e-001 -5.1742043057155280e+000 0.0000000000000000e+000 0.0000000000000000e+000 0.0000000000000000e+000 1.0000000000000000e+000</transform>
        <orientation>1</orientation>
      </camera>
      <camera id="24" label="IMG_20170323_121645.jpg" sensor_id="0" enabled="true">
        <transform>2.5765513304061072e-001 -2.6791848129542983e-001 9.2834989082682406e-001 -6.3027010017048886e+000 -2.1173148379595638e-001 -9.5309297296960005e-001 -2.1629508465411734e-001 1.8470051789601261e+000 9.4275320799633888e-001 -1.4083136105399086e-001 -3.0229607433159356e-001 -4.7940242117453282e+000 0.0000000000000000e+000 0.0000000000000000e+000 0.0000000000000000e+000 1.0000000000000000e+000</transform>
        <orientation>1</orientation>
      </camera>
      <camera id="25" label="IMG_20170323_121650.jpg" sensor_id="0" enabled="true">
        <transform>5.5399307458225544e-001 -1.6673375580848046e-001 8.1565404920768825e-001 -5.7656252198515077e+000 -1.7744073262596630e-001 -9.8087532415386747e-001 -7.9989904808080145e-002 -8.4596566144406513e-002 8.1339194716941976e-001 -1.0041639876057788e-001 -5.7298349639400303e-001 -2.9426259877636984e+000 0.0000000000000000e+000 0.0000000000000000e+000 0.0000000000000000e+000 1.0000000000000000e+000</transform>
        <orientation>1</orientation>
      </camera>
      <camera id="26" label="IMG_20170323_121652.jpg" sensor_id="0" enabled="true">
        <transform>5.8305926073334258e-001 -2.9446510258791520e-001 7.5718703226546069e-001 -5.6013384199030840e+000 -1.9616346714718180e-001 -9.5545381447886679e-001 -2.2051735204872136e-001 1.0982478974984680e+000 7.8839190294540928e-001 -1.9957749263675981e-002 -6.1484949021239699e-001 -2.5569233289455102e+000 0.0000000000000000e+000 0.0000000000000000e+000 0.0000000000000000e+000 1.0000000000000000e+000</transform>
        <orientation>1</orientation>
      </camera>
      <camera id="27" label="IMG_20170323_121656.jpg" sensor_id="0" enabled="true">
        <transform>7.6827186072467901e-001 -9.6870752255884207e-002 6.3275145624172024e-001 -4.5194233878418668e+000 -1.2304330720821541e-001 -9.9239806601857694e-001 -2.5343862872400022e-003 -2.9341570477442630e-001 6.2818682935087322e-001 -7.5908734148102674e-002 -7.7435080648897725e-001 -9.5986093459115973e-001 0.0000000000000000e+000 0.0000000000000000e+000 0.0000000000000000e+000 1.0000000000000000e+000</transform>
        <orientation>1</orientation>
      </camera>
      <camera id="28" label="IMG_20170323_121700.jpg" sensor_id="0" enabled="true">
        <transform>8.1585544947430133e-001 -1.3963082812714445e-001 5.6114447105857979e-001 -4.2003792816868302e+000 -1.1487635342880216e-001 -9.9020358734195768e-001 -7.9374297086770920e-002 5.7630342182652761e-001 5.6673036709354685e-001 2.9572224449056494e-004 -8.2390327318342882e-001 -5.1601024455389000e-001 0.0000000000000000e+000 0.0000000000000000e+000 0.0000000000000000e+000 1.0000000000000000e+000</transform>
        <orientation>1</orientation>
      </camera>
      <camera id="29" label="IMG_20170323_121704.jpg" sensor_id="0" enabled="true">
        <transform>9.2555803764047950e-001 -7.6878715811356357e-002 3.7071819757640834e-001 -2.5306431157581626e+000 -8.6889298440522733e-002 -9.9616419772852038e-001 1.0350892734793823e-002 -4.7109500048672220e-001 3.6850043253111386e-001 -4.1791796073992096e-002 -9.2868771769916925e-001 1.3437495333084973e-001 0.0000000000000000e+000 0.0000000000000000e+000 0.0000000000000000e+000 1.0000000000000000e+000</transform>
        <orientation>1</orientation>
      </camera>
      <camera id="30" label="IMG_20170323_121707.jpg" sensor_id="0" enabled="true">
        <transform>9.5743947059669732e-001 -7.1010733716873511e-002 2.7976264196726974e-001 -2.0059748629627641e+000 -5.6851900745288467e-002 -9.9667227093908184e-001 -5.8414430775120013e-002 6.6337037389562126e-001 2.8297971928243082e-001 4.0023243723175450e-002 -9.5829046663144468e-001 9.4492857803559663e-002 0.0000000000000000e+000 0.0000000000000000e+000 0.0000000000000000e+000 1.0000000000000000e+000</transform>
        <orientation>1</orientation>
      </camera>
      <camera id="31" label="IMG_20170323_121712.jpg" sensor_id="0" enabled="true">
        <transform>9.9868607006983057e-001 2.4659192917855646e-002 4.4922796586112632e-002 4.6600618662774084e-003 2.3287426585850885e-002 -9.9925401184429963e-001 3.0807719423561485e-002 6.9982657307836774e-002 4.5648978208563229e-002 -2.9721103911400395e-002 -9.9851531123503656e-001 -6.8525296626322394e-003 0.0000000000000000e+000 0.0000000000000000e+000 0.0000000000000000e+000 1.0000000000000000e+000</transform>
        <orientation>1</orientation>
      </camera>
      <camera id="32" label="IMG_20170323_121715.jpg" sensor_id="0" enabled="true">
        <transform>9.9945972201759714e-001 2.1798508816145874e-002 -2.4598558451648041e-002 3.2917205306628777e-001 2.0738837763520687e-002 -9.9887945033749026e-001 -4.2541089568693083e-002 9.7292794460149945e-001 -2.5498326861288428e-002 4.2007960041706496e-002 -9.9879185350122335e-001 1.4129934538213776e-001 0.0000000000000000e+000 0.0000000000000000e+000 0.0000000000000000e+000 1.0000000000000000e+000</transform>
        <orientation>1</orientation>
      </camera>
      <camera id="33" label="IMG_20170323_121719.jpg" sensor_id="0" enabled="true">
        <transform>9.4459864920651904e-001 9.9443671503990499e-002 -3.1280081220327116e-001 2.1579821175206106e+000 8.9435747707598490e-002 -9.9491958635224931e-001 -4.6219733065563415e-002 2.9280800274385660e-001 -3.1580791463990021e-001 1.5683522897473431e-002 -9.4869351645319155e-001 -8.1599664291666663e-001 0.0000000000000000e+000 0.0000000000000000e+000 0.0000000000000000e+000 1.0000000000000000e+000</transform>
        <orientation>1</orientation>
      </camera>
      <camera id="34" label="IMG_20170323_121722.jpg" sensor_id="0" enabled="true">
        <transform>9.4161911205350290e-001 1.0712880606827756e-001 -3.1918155762192396e-001 2.1994995510848514e+000 7.1733369737270999e-002 -9.9009500809267625e-001 -1.2069050756417904e-001 1.3170409993756644e+000 -3.2894949685583680e-001 9.0748519879657319e-002 -9.3997709262404006e-001 -2.4754088893202747e-001 0.0000000000000000e+000 0.0000000000000000e+000 0.0000000000000000e+000 1.0000000000000000e+000</transform>
        <orientation>1</orientation>
      </camera>
      <camera id="35" label="IMG_20170323_121727.jpg" sensor_id="0" enabled="true">
        <transform>7.2099319233286696e-001 2.0543897305341136e-001 -6.6178821760471107e-001 4.0208564572517247e+000 1.8453811552371224e-001 -9.7747724028400196e-001 -1.0239105744999710e-001 1.1274355992405047e+000 -6.6791803428910168e-001 -4.8301895175358371e-002 -7.4266575684748715e-001 -1.9495634910240873e+000 0.0000000000000000e+000 0.0000000000000000e+000 0.0000000000000000e+000 1.0000000000000000e+000</transform>
        <orientation>1</orientation>
      </camera>
      <camera id="36" label="IMG_20170323_121731.jpg" sensor_id="0" enabled="true">
        <transform>6.9965315616909274e-001 2.8739451265264987e-001 -6.5413290328477802e-001 3.9121222766590540e+000 1.6887370391322493e-001 -9.5611105591781320e-001 -2.3944377393942123e-001 2.1244808844188574e+000 -6.9423852758922511e-001 5.7061745932543040e-002 -7.1747949375705122e-001 -1.8969432808152462e+000 0.0000000000000000e+000 0.0000000000000000e+000 0.0000000000000000e+000 1.0000000000000000e+000</transform>
        <orientation>1</orientation>
      </camera>
      <camera id="37" label="IMG_20170323_121735.jpg" sensor_id="0" enabled="true">
        <transform>4.2922061575886827e-001 3.4501342732761708e-001 -8.3470677364642787e-001 5.0054877622594107e+000 2.3782181681818870e-001 -9.3472548970638214e-001 -2.6406257277103828e-001 1.7661858516936946e+000 -8.7132683101857589e-001 -8.5170381335386042e-002 -4.8325517037100696e-001 -3.5236365101076625e+000 0.0000000000000000e+000 0.0000000000000000e+000 0.0000000000000000e+000 1.0000000000000000e+000</transform>
        <orientation>1</orientation>
      </camera>
      <camera id="38" label="IMG_20170323_121738.jpg" sensor_id="0" enabled="true">
        <transform>3.9248538442292469e-001 4.2144845178849366e-001 -8.1751845575465187e-001 4.9275981192930560e+000 2.2254463361161261e-001 -9.0594466631539206e-001 -3.6019182059753407e-001 2.8339940006277455e+000 -8.9242876974303231e-001 -4.0564320033434048e-002 -4.4936113191414662e-001 -3.4838349715350256e+000 0.0000000000000000e+000 0.0000000000000000e+000 0.0000000000000000e+000 1.0000000000000000e+000</transform>
        <orientation>1</orientation>
      </camera>
    </cameras>
    <transform>
      <rotation>-9.7065876246933880e-001 -3.7009686160749816e-002 -2.3759598054633529e-001 -2.1795690539950366e-001 -2.8194772485572805e-001 9.3434483347281938e-001 -1.0156945520265229e-001 9.5871568443358723e-001 2.6560851302410293e-001</rotation>
    </transform>
    <reference>LOCAL_CS["Local Coordinates (m)",LOCAL_DATUM["Local Datum",0],UNIT["metre",1,AUTHORITY["EPSG","9001"]]]</reference>
    <region>
      <center>-6.2617958511503335e+000 5.5357183860920554e+000 -1.5760113819584394e+001</center>
      <size>6.1993030993143719e+001 4.0616605822245276e+001 1.5857044665018718e+001</size>
      <R>-9.0318778200013905e-001 1.1371541209108418e-001 -4.1390897006301297e-001 -4.2725640791671987e-001 -3.3088889024919305e-001 8.4140626584531619e-001 -4.1277019511716390e-002 9.3679311876348259e-001 3.4744044136746227e-001</R>
    </region>
    <settings>
      <property name="accuracy_tiepoints" value="1"/>
      <property name="accuracy_cameras" value="10"/>
      <property name="accuracy_cameras_ypr" value="2"/>
      <property name="accuracy_markers" value="0.0050000000000000001"/>
      <property name="accuracy_scalebars" value="0.001"/>
      <property name="accuracy_projections" value="0.10000000000000001"/>
    </settings>
  </chunk>
</document>
